Data/sonla.asc
ncols 200
nrows 200
xllcorner 103.857235
yllcorner 21.380763
cellsize 25.0
NODATA_value -9999
[rows 102 to 135 of 200, columns 77 to 153 of 200]
750.8 762.9 775.0 781.3 787.6 793.8 793.1 786.2 779.4 772.5 764.1 755.7 747.3 741.5 737.1 732.7 729.9 734.4 738.9 743.4 751.9 761.8 771.7 776.7 769.0 761.4 753.8 737.6 719.7 701.8 686.3 674.9 663.5 652.1 646.5 641.3 636.2 633.1 632.4 631.7 631.1 634.7 638.4 642.0 645.3 648.3 651.2 654.0 655.3 656.7 658.0 657.7 656.7 655.6 655.5 658.9 662.3 665.7 666.4 666.3 666.2 665.6 663.8 662.1 660.3 659.3 658.4 657.5 660.4 668.6 676.7 684.8 692.5 700.1 707.7 716.0 724.9
759.7 773.3 786.8 791.9 796.9 801.9 799.9 791.7 783.5 775.5 769.1 762.7 756.3 752.1 749.1 746.0 744.0 746.2 748.5 750.7 757.1 765.0 772.9 776.4 768.4 760.4 752.5 737.3 720.6 704.0 689.6 679.1 668.5 657.9 651.7 645.8 639.9 636.1 634.7 633.3 632.1 637.3 642.5 647.7 652.3 656.6 660.9 664.7 664.9 665.1 665.3 664.2 662.5 660.8 660.3 664.2 668.0 671.9 672.7 672.6 672.5 671.1 667.0 662.9 658.7 657.4 656.5 655.5 658.4 666.5 674.6 682.7 691.1 699.5 707.9 716.0 723.8
772.0 785.9 799.7 803.7 807.5 811.3 808.1 798.6 789.1 780.0 776.6 773.1 769.6 767.3 765.8 764.2 762.9 762.6 762.3 762.0 765.6 770.6 775.7 777.3 770.0 762.7 755.3 741.8 727.0 712.3 699.2 688.8 678.5 668.2 660.6 653.3 646.0 640.9 638.4 635.8 633.4 640.3 647.1 654.0 660.3 666.1 671.9 676.9 675.3 673.7 672.1 669.9 667.4 664.9 663.9 668.3 672.7 677.1 678.6 679.2 679.9 678.3 672.0 665.6 659.3 657.6 656.6 655.6 657.9 664.7 671.6 678.4 687.1 695.9 704.7 712.1 718.3
784.3 798.5 812.7 815.5 818.2 820.8 816.3 805.4 794.6 784.6 784.0 783.4 782.8 782.5 782.5 782.5 781.9 779.0 776.1 773.2 774.0 776.3 778.6 778.3 771.6 764.9 758.2 746.3 733.4 720.5 708.7 698.6 688.5 678.4 669.6 660.9 652.2 645.8 642.0 638.3 634.8 643.3 651.8 660.3 668.2 675.6 683.0 689.1 685.7 682.3 678.9 675.6 672.3 669.0 667.5 672.5 677.5 682.4 684.6 685.9 687.2 685.4 676.9 668.4 659.9 657.8 656.7 655.6 657.3 662.9 668.5 674.2 683.2 692.4 701.5 708.3 712.9
796.7 811.2 825.6 827.3 828.8 830.2 824.5 812.3 800.1 789.1 791.4 793.7 796.0 797.8 799.2 800.7 800.9 795.4 789.9 784.4 782.5 782.0 781.4 779.3 773.2 767.1 761.0 750.9 739.8 728.8 718.2 708.4 698.5 688.7 678.6 668.4 658.3 650.6 645.7 640.8 636.2 646.3 656.5 666.6 676.1 685.0 694.0 701.3 696.1 690.9 685.7 681.2 677.2 673.1 671.2 676.7 682.2 687.7 690.5 692.5 694.6 692.5 681.8 671.1 660.4 658.0 656.8 655.7 656.8 661.2 665.5 669.9 679.3 688.8 698.4 704.5 707.4
800.1 812.0 823.9 821.8 819.5 817.1 810.6 800.3 790.1 781.1 786.1 791.2 796.2 799.9 802.7 805.5 807.0 802.3 797.6 792.9 789.8 787.5 785.1 781.3 773.8 766.2 758.6 751.6 744.7 737.8 730.7 723.3 715.8 708.4 697.1 685.6 674.1 665.3 659.7 654.1 648.8 658.5 668.3 678.1 686.4 693.7 701.0 706.5 699.1 691.7 684.3 678.5 673.5 668.5 665.6 670.0 674.5 678.9 683.1 687.3 691.5 691.8 683.4 675.1 666.8 663.3 660.6 657.9 658.2 662.7 667.2 671.7 680.9 690.2 699.5 704.1 704.2
803.4 812.7 822.1 816.2 810.0 803.8 796.5 788.2 780.0 773.0 780.7 788.5 796.3 801.8 806.1 810.3 813.1 809.2 805.2 801.3 797.2 793.0 788.8 783.3 774.3 765.2 756.2 752.3 749.6 746.8 743.2 738.2 733.2 728.2 715.8 702.9 689.9 680.1 673.8 667.4 661.5 670.8 680.2 689.6 696.7 702.3 707.9 711.6 702.0 692.4 682.9 675.7 669.8 663.9 660.0 663.3 666.6 670.0 675.6 682.0 688.4 690.9 685.0 679.1 673.2 668.7 664.5 660.2 659.6 664.3 668.9 673.6 682.5 691.6 700.7 703.8 701.1
806.7 813.5 820.2 810.5 800.5 790.5 782.4 776.1 769.8 764.8 775.3 785.8 796.3 803.8 809.5 815.1 819.2 816.0 812.9 809.7 804.5 798.5 792.6 785.4 774.8 764.3 753.8 753.1 754.5 755.8 755.7 753.1 750.5 747.9 734.5 720.1 705.8 694.9 687.9 680.8 674.1 683.1 692.1 701.1 707.1 710.9 714.8 716.7 705.0 693.2 681.4 673.0 666.1 659.2 654.3 656.6 658.8 661.0 668.1 676.7 685.3 690.1 686.6 683.1 679.6 674.1 668.3 662.5 661.0 665.8 670.7 675.5 684.2 693.0 701.9 703.4 697.9
806.3 810.5 814.8 802.2 789.3 776.5 767.6 762.3 757.0 753.1 765.4 777.6 789.8 798.6 805.4 812.2 817.4 815.2 813.0 810.7 804.5 796.8 789.1 780.6 770.0 759.4 748.8 751.5 757.0 762.4 765.9 766.1 766.3 766.5 753.1 738.5 723.9 712.2 703.8 695.4 687.3 695.3 703.2 711.1 716.1 719.0 721.8 722.7 709.7 696.7 683.8 674.1 666.1 658.1 652.1 653.3 654.4 655.6 663.6 673.6 683.7 690.1 688.6 687.1 685.6 679.6 672.8 666.1 664.1 668.9 673.7 678.5 686.4 694.5 702.5 702.6 695.0
796.8 798.5 800.2 787.3 774.0 760.7 751.0 744.4 737.7 732.5 744.0 755.5 766.9 775.7 782.8 790.0 795.8 795.0 794.2 793.4 786.3 777.0 767.6 758.9 751.8 744.8 737.7 744.2 753.6 763.0 770.3 774.3 778.2 782.2 771.4 759.5 747.6 735.9 724.4 712.9 701.8 707.1 712.4 717.7 721.9 725.5 729.0 730.7 718.9 707.2 695.5 685.2 675.5 665.9 658.4 658.5 658.6 658.8 666.3 676.0 685.8 692.2 691.6 691.0 690.3 685.1 679.1 673.2 671.5 675.8 680.1 684.5 690.2 696.0 701.8 700.6 692.7
787.3 786.5 785.7 772.3 758.7 745.0 734.4 726.4 718.5 712.0 722.6 733.3 744.0 752.7 760.3 767.8 774.1 774.8 775.4 776.0 768.1 757.1 746.2 737.2 733.7 730.1 726.6 736.9 750.2 763.5 774.7 782.4 790.1 797.8 789.8 780.5 771.3 759.5 745.0 730.5 716.4 719.0 721.6 724.2 727.7 732.0 736.2 738.6 728.2 717.7 707.2 696.2 684.9 673.6 664.6 663.7 662.9 662.0 669.0 678.4 687.9 694.4 694.6 694.8 695.1 690.6 685.5 680.3 678.9 682.7 686.6 690.4 693.9 697.5 701.0 698.6 690.5
777.8 774.5 771.2 757.3 743.3 729.3 717.8 708.5 699.2 691.4 701.3 711.2 721.1 729.8 737.7 745.6 752.5 754.6 756.6 758.6 750.0 737.3 724.7 715.5 715.5 715.5 715.4 729.6 746.8 764.0 779.0 790.5 802.0 813.4 808.2 801.6 795.0 783.2 765.6 748.1 730.9 730.8 730.8 730.8 733.5 738.5 743.4 746.6 737.4 728.2 719.0 707.3 694.3 681.4 670.9 669.0 667.1 665.2 671.7 680.9 690.0 696.5 697.6 698.7 699.8 696.2 691.8 687.4 686.2 689.6 693.0 696.4 697.7 698.9 700.2 696.5 688.2
775.1 769.0 762.9 748.3 733.4 718.6 706.6 697.2 687.8 679.8 688.0 696.1 704.3 711.7 718.6 725.6 731.7 734.1 736.6 739.0 733.4 724.8 716.2 711.0 715.2 719.3 723.4 739.2 757.4 775.6 791.4 803.2 815.1 827.0 823.2 818.1 813.0 801.5 782.8 764.2 745.9 742.7 739.6 736.5 738.0 743.0 748.0 751.5 744.3 737.0 729.7 719.0 706.6 694.2 683.8 680.4 677.1 673.8 678.3 685.1 692.0 696.9 697.4 697.9 698.5 695.8 692.5 689.3 689.1 693.2 697.3 701.3 701.8 702.1 702.4 698.0 689.3
777.3 768.2 759.2 743.4 727.5 711.5 699.5 690.9 682.3 674.8 680.5 686.2 692.0 697.2 702.1 707.0 711.4 713.5 715.6 717.7 718.0 717.5 717.0 719.1 727.8 736.5 745.3 760.9 778.0 795.1 809.5 819.3 829.2 839.0 835.7 831.3 826.9 815.9 797.6 779.3 761.2 754.7 748.2 741.8 741.6 746.2 750.8 754.3 749.4 744.5 739.7 731.2 720.9 710.6 701.5 696.4 691.4 686.4 687.6 690.8 694.0 695.8 694.8 693.8 692.8 691.0 689.2 687.4 688.6 694.3 699.9 705.6 706.1 706.4 706.7 702.0 692.6
779.5 767.5 755.5 738.5 721.5 704.5 692.4 684.5 676.7 669.7 673.0 676.4 679.7 682.7 685.6 688.4 691.1 692.9 694.7 696.5 702.6 710.2 717.9 727.1 740.4 753.8 767.1 782.7 798.7 814.7 827.6 835.4 843.2 851.0 848.2 844.5 840.8 830.4 812.4 794.3 776.5 766.6 756.8 747.0 745.1 749.4 753.6 757.0 754.5 752.1 749.7 743.4 735.2 727.0 719.2 712.4 705.7 698.9 696.9 696.4 695.9 694.8 692.2 689.6 687.0 686.3 685.9 685.5 688.2 695.4 702.6 709.9 710.4 710.7 711.0 706.0 696.0
781.7 766.7 751.8 733.7 715.6 697.5 685.2 678.2 671.1 664.7 665.6 666.5 667.3 668.2 669.0 669.9 670.8 672.3 673.8 675.3 687.1 702.9 718.7 735.1 753.1 771.0 789.0 804.4 819.4 834.3 845.8 851.5 857.3 863.1 860.7 857.8 854.8 844.8 827.1 809.4 791.8 778.6 765.4 752.2 748.7 752.5 756.3 759.7 759.7 759.7 759.6 755.6 749.5 743.5 736.9 728.4 719.9 711.5 706.3 702.1 697.9 693.8 689.6 685.5 681.3 681.6 682.6 683.6 687.8 696.5 705.3 714.1 714.7 715.0 715.3 710.0 699.4
785.7 772.2 758.8 743.5 728.2 712.9 701.4 693.4 685.3 677.9 677.1 676.3 675.5 674.6 673.7 672.8 672.2 673.6 674.9 676.2 687.4 702.2 717.1 732.8 750.6 768.4 786.2 801.7 816.7 831.7 842.6 846.8 851.0 855.2 853.6 851.4 849.3 840.8 825.1 809.4 793.8 784.2 774.6 765.0 762.9 766.5 770.1 773.3 774.3 775.3 776.2 773.0 767.6 762.2 755.5 743.9 732.4 720.8 712.1 704.3 696.6 689.7 684.7 679.7 674.8 675.0 676.1 677.2 681.0 688.4 695.9 703.4 706.1 708.7 711.2 709.1 702.5
789.9 778.7 767.4 755.5 743.5 731.5 721.0 711.7 702.4 693.6 691.3 688.9 686.6 684.1 681.4 678.8 676.8 678.0 679.1 680.3 689.8 702.5 715.2 729.1 746.0 763.0 779.9 795.4 810.6 825.8 836.4 839.1 841.8 844.6 843.6 842.3 841.0 834.0 820.6 807.2 793.9 788.9 784.0 779.0 778.7 782.1 785.4 788.5 790.3 792.0 793.8 791.1 786.2 781.3 774.2 759.4 744.5 729.7 717.5 706.1 694.7 685.1 679.5 673.8 668.1 668.2 669.2 670.3 673.2 679.0 684.7 690.5 695.7 700.8 705.9 707.4 705.5
794.1 785.1 776.0 767.4 758.8 750.2 740.6 730.0 719.5 709.4 705.5 701.6 697.7 693.5 689.1 684.8 681.4 682.4 683.4 684.4 692.3 702.8 713.3 725.3 741.4 757.5 773.6 789.1 804.6 820.0 830.2 831.4 832.6 833.9 833.6 833.2 832.7 827.3 816.1 804.9 794.0 793.6 793.3 792.9 794.5 797.6 800.7 803.7 806.3 808.8 811.3 809.2 804.8 800.3 792.9 774.8 756.7 738.5 722.8 707.8 692.9 680.6 674.2 667.9 661.5 661.4 662.4 663.3 665.5 669.5 673.6 677.6 685.2 692.9 700.6 705.8 708.5
799.5 792.6 785.7 779.9 774.1 768.3 759.3 747.3 735.3 723.8 718.6 713.4 708.2 703.1 698.0 693.0 689.0 689.8 690.7 691.5 697.6 705.5 713.5 723.3 737.8 752.2 766.7 782.0 797.4 812.8 822.6 823.2 823.7 824.3 824.4 824.5 824.7 820.6 811.8 803.0 794.4 798.2 802.0 805.8 809.0 811.9 814.7 817.6 820.6 823.7 826.7 824.8 820.6 816.3 808.5 787.5 766.5 745.5 726.9 709.0 691.1 676.7 669.8 662.8 655.9 655.8 656.7 657.6 659.3 662.0 664.7 667.4 676.7 686.3 695.9 704.2 711.4
810.3 805.5 800.7 795.1 789.5 783.9 773.6 759.2 744.8 731.1 726.0 720.9 715.7 713.4 712.7 712.0 711.6 712.4 713.2 713.9 716.9 720.6 724.4 729.7 738.9 748.2 757.4 770.5 784.4 798.3 808.5 812.3 816.1 820.0 819.4 818.5 817.7 814.4 808.4 802.4 796.6 802.2 807.8 813.4 817.3 819.9 822.5 825.1 827.1 829.1 831.1 828.1 822.7 817.3 808.3 786.6 765.0 743.3 724.8 707.4 690.0 675.9 669.2 662.4 655.6 655.8 657.0 658.2 660.3 663.7 667.0 670.3 678.2 686.2 694.2 703.2 713.2
821.1 818.5 815.8 810.4 805.0 799.5 788.0 771.2 754.3 738.4 733.4 728.3 723.3 723.7 727.4 731.1 734.3 735.0 735.7 736.4 736.2 735.8 735.3 736.1 740.1 744.1 748.1 759.0 771.4 783.9 794.3 801.4 808.5 815.7 814.5 812.5 810.6 808.1 805.0 801.8 798.8 806.2 813.6 821.0 825.5 827.9 830.3 832.5 833.5 834.5 835.4 831.4 824.8 818.2 808.2 785.8 763.4 741.0 722.8 705.8 688.9 675.2 668.6 661.9 655.3 655.7 657.3 658.8 661.4 665.3 669.3 673.3 679.6 686.1 692.6 702.2 715.0
832.0 831.4 830.9 825.7 820.4 815.1 802.4 783.1 763.8 745.7 740.7 735.8 730.8 734.0 742.1 750.2 756.9 757.5 758.2 758.8 755.6 750.9 746.2 742.5 741.2 740.0 738.7 747.5 758.5 769.4 780.1 790.5 801.0 811.4 809.5 806.5 803.6 801.9 801.5 801.2 801.0 810.2 819.4 828.5 833.7 835.9 838.0 839.9 839.9 839.9 839.8 834.6 826.9 819.1 808.0 784.9 761.8 738.8 720.7 704.2 687.8 674.4 668.0 661.5 655.0 655.7 657.6 659.5 662.5 667.0 671.6 676.2 681.1 686.0 690.9 701.2 716.8
838.7 838.7 838.8 832.6 826.3 820.1 806.9 787.6 768.2 750.1 746.8 743.4 740.1 745.1 755.1 765.0 773.3 773.5 773.8 774.0 768.3 760.3 752.3 745.3 740.8 736.4 731.9 739.9 750.5 761.1 772.0 783.3 794.6 806.0 802.1 796.9 791.8 789.3 789.8 790.3 791.0 800.7 810.5 820.2 826.5 830.3 834.1 837.4 837.6 837.8 838.1 833.2 825.7 818.2 807.6 785.6 763.5 741.4 724.3 708.7 693.1 680.3 673.6 666.9 660.3 660.9 662.7 664.5 667.9 673.6 679.3 685.0 688.8 692.5 696.3 706.1 721.8
840.7 839.5 838.2 829.9 821.3 812.8 799.9 783.3 766.6 751.2 751.3 751.4 751.5 757.2 766.1 775.0 782.3 781.9 781.4 781.0 773.4 763.1 752.9 744.0 738.7 733.3 728.0 736.7 748.3 759.9 770.8 780.3 789.8 799.4 792.0 783.1 774.3 769.2 768.3 767.4 766.7 775.5 784.4 793.3 801.4 808.9 816.5 823.3 825.3 827.2 829.1 826.2 820.7 815.3 806.9 787.9 768.9 749.9 734.5 720.2 705.9 693.8 686.6 679.3 672.0 672.1 673.5 674.8 678.6 685.9 693.3 700.6 703.8 706.8 709.8 717.8 730.6
842.7 840.2 837.7 827.1 816.3 805.5 793.0 779.0 764.9 752.3 755.8 759.4 762.9 769.2 777.1 785.1 791.4 790.2 789.1 787.9 778.5 766.0 753.4 742.7 736.5 730.3 724.1 733.4 746.1 758.7 769.5 777.3 785.0 792.8 781.9 769.3 756.8 749.1 746.8 744.5 742.4 750.4 758.4 766.4 776.3 787.6 798.8 809.2 812.9 816.5 820.2 819.1 815.7 812.3 806.3 790.3 774.3 758.4 744.7 731.7 718.8 707.4 699.5 691.6 683.7 683.3 684.2 685.1 689.3 698.2 707.2 716.2 718.8 721.1 723.4 729.5 739.3
844.7 841.0 837.2 824.3 811.3 798.2 786.0 774.7 763.3 753.3 760.3 767.3 774.3 781.2 788.2 795.1 800.4 798.6 796.7 794.9 783.6 768.8 754.0 741.3 734.3 727.3 720.2 730.2 743.9 757.5 768.3 774.3 780.2 786.2 771.7 755.5 739.3 729.0 725.3 721.6 718.1 725.2 732.4 739.5 751.2 766.2 781.2 795.1 800.5 805.9 811.2 812.1 810.8 809.4 805.6 792.6 779.7 766.8 754.9 743.3 731.6 721.0 712.4 703.9 695.4 694.5 694.9 695.3 699.9 710.5 721.1 731.8 733.7 735.4 737.0 741.2 748.0
845.4 839.9 834.5 822.3 810.1 797.8 787.5 778.9 770.3 763.0 770.2 777.5 784.8 790.9 796.2 801.5 805.2 801.6 798.0 794.3 782.1 766.7 751.2 738.2 732.0 725.8 719.5 729.2 742.2 755.3 764.9 768.7 772.4 776.1 760.2 742.6 725.0 713.2 708.2 703.2 698.4 704.8 711.2 717.5 729.5 745.8 762.1 777.4 784.6 791.9 799.2 801.8 802.0 802.3 800.0 788.1 776.3 764.5 753.3 742.2 731.1 721.0 712.7 704.5 696.3 696.0 697.0 698.0 703.7 716.1 728.4 740.8 744.1 747.0 750.0 754.1 759.4
845.7 838.3 831.0 820.6 810.1 799.7 791.7 785.9 780.1 775.3 781.9 788.5 795.1 799.7 803.2 806.7 808.6 802.9 797.2 791.4 778.5 762.9 747.3 734.5 729.6 724.7 719.8 728.8 740.8 752.8 760.8 762.2 763.6 765.0 748.2 729.9 711.6 698.9 692.6 686.4 680.4 685.9 691.5 697.1 709.0 725.8 742.5 758.4 767.7 776.9 786.1 790.4 792.1 793.8 792.8 781.4 770.1 758.7 747.8 737.1 726.3 716.6 709.0 701.4 693.8 694.4 696.3 698.3 705.2 719.4 733.6 747.7 753.0 757.9 762.8 767.4 771.6
846.0 836.8 827.5 818.8 810.2 801.5 795.9 792.9 789.9 787.7 793.5 799.4 805.3 808.6 810.3 812.0 812.0 804.2 796.3 788.5 774.9 759.1 743.3 730.9 727.3 723.7 720.1 728.4 739.3 750.2 756.7 755.8 754.8 753.8 736.3 717.2 698.2 684.6 677.0 669.5 662.3 667.1 671.9 676.7 688.5 705.7 723.0 739.5 750.7 761.9 773.0 778.9 782.2 785.4 785.6 774.7 763.8 753.0 742.4 732.0 721.5 712.2 705.2 698.2 691.3 692.8 695.7 698.5 706.8 722.7 738.7 754.7 761.9 768.7 775.6 780.6 783.9
846.2 835.4 824.6 817.7 811.0 804.2 800.8 800.5 800.1 800.2 805.3 810.5 815.6 817.4 817.2 817.1 815.2 805.4 795.5 785.7 771.6 755.9 740.2 728.2 725.9 723.6 721.4 728.9 738.6 748.2 753.1 749.8 746.5 743.1 724.8 705.1 685.5 671.0 662.3 653.6 645.2 649.3 653.5 657.6 669.4 687.0 704.7 721.8 734.7 747.6 760.6 767.9 772.5 777.0 778.3 767.8 757.3 746.9 736.6 726.4 716.3 707.3 701.0 694.7 688.4 690.8 694.6 698.4 708.0 725.6 743.3 761.0 770.1 778.8 787.5 793.0 795.3
845.6 838.8 832.1 828.7 825.3 822.0 819.8 818.7 817.6 816.8 819.9 823.0 826.0 825.2 822.1 819.0 814.7 804.7 794.6 784.6 774.0 763.0 752.1 743.8 742.6 741.3 740.1 744.7 750.6 756.5 758.1 752.4 746.6 740.9 723.2 704.5 685.8 672.0 663.8 655.6 647.7 653.4 659.0 664.7 676.9 693.9 710.9 727.2 738.0 748.8 759.7 764.9 767.2 769.5 768.9 757.4 745.9 734.4 723.4 712.7 701.9 692.8 687.8 682.7 677.7 681.5 686.7 692.0 702.4 720.3 738.2 756.1 765.4 774.2 783.1 788.7 791.1
844.9 842.2 839.5 839.6 839.7 839.8 838.8 836.9 835.0 833.4 834.4 835.5 836.5 833.1 827.0 820.9 814.1 803.9 793.8 783.6 776.3 770.2 764.0 759.5 759.2 759.0 758.8 760.5 762.7 764.8 763.1 755.0 746.8 738.7 721.7 703.9 686.1 673.0 665.3 657.6 650.1 657.4 664.6 671.9 684.3 700.7 717.1 732.6 741.3 750.0 758.8 761.8 761.9 762.1 759.5 747.0 734.5 722.0 710.3 698.9 687.4 678.4 674.6 670.8 667.0 672.1 678.8 685.5 696.8 715.0 733.1 751.3 760.7 769.7 778.7 784.4 786.9
844.2 845.6 847.0 850.5 854.0 857.6 857.8 855.2 852.5 850.0 849.0 848.0 847.0 841.0 831.9 822.8 813.5 803.2 792.9 782.6 778.7 777.3 775.9 775.1 775.9 776.7 777.5 776.3 774.7 773.1 768.2 757.6 747.0 736.4 720.1 703.3 686.4 674.1 666.8 659.5 652.6 661.4 670.2 679.0 691.8 707.6 723.3 738.0 744.6 751.2 757.8 758.7 756.7 754.6 750.1 736.6 723.1 709.5 697.1 685.1 673.0 663.9 661.4 658.8 656.3 662.8 670.9 679.0 691.2 709.6 728.0 746.4 756.0 765.1 774.3 780.1 782.7
