Data/sonla.asc
ncols 200
nrows 200
xllcorner 103.857235
yllcorner 21.380763
cellsize 25.0
NODATA_value -9999
[rows 34 to 67 of 200, columns 77 to 153 of 200]
673.3 670.7 668.1 670.7 673.4 676.0 678.3 680.2 682.1 684.2 688.9 693.6 698.2 706.9 717.8 728.6 736.3 730.4 724.4 718.5 710.6 702.0 693.4 686.0 681.8 677.5 673.2 666.7 659.7 652.7 647.2 644.1 641.0 638.0 642.1 646.7 651.4 657.9 666.5 675.1 683.1 676.7 670.2 663.8 653.8 641.3 628.8 618.0 618.3 618.6 619.0 624.5 632.6 640.6 649.3 660.5 671.6 682.8 688.5 692.8 697.2 699.0 696.0 692.9 689.9 690.1 690.8 691.5 695.6 704.3 713.0 721.7 724.4 727.0 729.6 724.9 713.6
662.0 659.4 656.8 659.0 661.3 663.5 665.6 667.6 669.6 672.0 678.4 684.9 691.4 700.7 711.7 722.6 730.5 725.0 719.5 714.0 707.4 700.4 693.4 687.4 684.0 680.6 677.1 671.5 665.4 659.4 655.1 653.6 652.1 650.5 654.8 659.4 664.1 670.1 677.7 685.2 692.3 684.4 676.5 668.7 658.3 646.2 634.1 623.9 626.0 628.1 630.3 636.9 645.8 654.6 663.9 675.0 686.0 697.1 703.2 707.8 712.5 713.9 708.6 703.3 698.0 696.8 696.1 695.4 698.6 706.7 714.9 723.0 725.2 727.3 729.4 725.2 715.5
652.8 650.4 648.1 649.9 651.8 653.7 655.8 658.1 660.4 663.2 670.9 678.7 686.4 695.9 706.2 716.5 723.9 718.2 712.6 706.9 700.9 694.7 688.6 683.4 680.5 677.6 674.7 670.1 665.2 660.4 657.6 658.0 658.5 659.0 663.9 669.1 674.4 680.2 686.7 693.2 699.1 690.5 681.8 673.1 663.3 652.5 641.8 633.0 636.8 640.6 644.4 651.8 660.7 669.7 678.9 689.1 699.3 709.5 714.4 717.8 721.2 721.1 713.8 706.5 699.3 697.0 695.5 694.0 696.2 703.4 710.6 717.9 719.9 721.8 723.7 720.4 712.2
646.7 644.9 643.2 644.8 646.3 647.9 650.2 653.1 656.0 659.4 667.7 676.0 684.4 692.9 701.6 710.3 716.1 709.4 702.6 695.9 689.4 683.1 676.8 671.5 668.6 665.7 662.8 659.6 656.2 652.9 652.1 655.1 658.2 661.2 667.7 674.4 681.1 687.2 692.5 697.8 702.6 694.0 685.5 676.9 668.7 660.7 652.8 646.7 652.0 657.4 662.8 670.1 678.3 686.5 694.6 702.8 710.9 719.1 720.6 720.3 719.9 716.8 708.0 699.3 690.5 687.9 686.1 684.4 685.8 691.6 697.3 703.0 705.5 707.9 710.3 707.9 701.2
640.5 639.4 638.3 639.6 640.9 642.1 644.6 648.2 651.7 655.7 664.6 673.4 682.3 690.0 697.0 704.1 708.4 700.5 692.7 684.8 678.0 671.5 665.1 659.6 656.7 653.8 650.9 649.0 647.2 645.5 646.6 652.2 657.9 663.5 671.5 679.7 687.9 694.2 698.3 702.4 706.1 697.6 689.1 680.6 674.1 669.0 663.9 660.4 667.3 674.3 681.2 688.5 695.9 703.2 710.3 716.5 722.6 728.7 726.9 722.8 718.7 712.5 702.3 692.1 681.8 678.8 676.8 674.8 675.5 679.7 684.0 688.2 691.1 694.0 696.9 695.4 690.1
634.4 633.9 633.5 634.4 635.4 636.3 639.0 643.2 647.4 652.0 661.4 670.8 680.2 687.0 692.5 697.9 700.6 691.7 682.7 673.8 666.5 659.9 653.3 647.8 644.9 642.0 639.1 638.4 638.2 638.1 641.1 649.3 657.5 665.7 675.3 685.0 694.7 701.2 704.1 707.1 709.7 701.2 692.8 684.4 679.5 677.2 674.9 674.1 682.6 691.1 699.6 706.8 713.4 720.0 726.1 730.2 734.2 738.3 733.1 725.2 717.4 708.3 696.5 684.8 673.1 669.7 667.5 665.2 665.1 667.9 670.7 673.4 676.7 680.1 683.4 682.9 679.0
633.0 632.7 632.4 633.3 634.3 635.3 638.3 643.0 647.6 652.6 660.7 668.8 676.9 682.0 685.4 688.8 689.9 681.2 672.5 663.9 657.1 651.1 645.0 639.9 637.3 634.7 632.0 632.5 633.5 634.6 639.1 649.1 659.0 669.0 679.5 690.1 700.7 707.6 710.7 713.7 716.4 709.0 701.6 694.1 689.6 687.2 684.8 683.7 691.5 699.3 707.0 713.7 719.8 725.9 731.1 733.3 735.5 737.7 730.1 719.7 709.3 698.2 685.6 672.9 660.3 656.7 654.3 651.8 651.3 653.1 655.0 656.9 661.0 665.2 669.4 669.6 666.3
633.5 633.2 632.9 634.0 635.2 636.3 639.6 644.8 649.9 655.1 661.1 667.1 673.0 676.0 677.2 678.4 677.9 670.1 662.3 654.5 648.6 643.4 638.2 633.8 631.6 629.4 627.1 628.5 630.7 632.8 638.6 649.9 661.3 672.7 683.9 695.1 706.3 713.9 717.5 721.2 724.5 718.5 712.5 706.5 701.8 697.9 694.1 691.6 697.6 703.7 709.7 715.6 721.3 727.0 731.5 731.9 732.3 732.7 723.1 710.7 698.2 685.5 672.3 659.1 645.8 642.0 639.4 636.8 635.9 637.1 638.4 639.6 644.8 650.0 655.2 656.0 652.9
634.0 633.7 633.5 634.7 636.0 637.3 640.9 646.6 652.2 657.6 661.5 665.4 669.2 670.0 669.0 668.0 665.9 659.0 652.0 645.1 640.0 635.7 631.4 627.7 625.9 624.0 622.2 624.6 627.9 631.1 638.0 650.8 663.6 676.4 688.3 700.1 711.9 720.1 724.4 728.7 732.7 728.1 723.5 718.9 713.9 708.6 703.4 699.4 703.8 708.1 712.4 717.5 722.8 728.1 731.9 730.5 729.1 727.7 716.1 701.7 687.2 672.9 659.1 645.2 631.3 627.3 624.5 621.8 620.5 621.1 621.8 622.4 628.5 634.7 640.9 642.4 639.5
634.6 634.3 634.0 635.4 636.9 638.3 642.3 648.4 654.4 660.1 661.9 663.6 665.4 664.0 660.8 657.7 653.9 647.9 641.8 635.7 631.5 628.0 624.5 621.6 620.2 618.7 617.3 620.7 625.0 629.3 637.5 651.7 665.9 680.0 692.6 705.1 717.5 726.3 731.3 736.2 740.8 737.6 734.4 731.2 726.0 719.4 712.7 707.3 709.9 712.5 715.1 719.3 724.3 729.2 732.3 729.1 725.9 722.7 709.2 692.7 676.2 660.3 645.8 631.3 616.9 612.6 609.7 606.8 605.1 605.1 605.1 605.1 612.2 619.4 626.7 628.7 626.1
644.8 645.2 645.5 644.3 643.0 641.7 643.1 646.8 650.5 653.9 654.8 655.7 656.6 655.4 652.9 650.5 647.6 642.7 637.8 632.9 629.7 627.0 624.4 622.3 621.3 620.3 619.3 622.2 625.8 629.5 636.5 648.8 661.2 673.5 684.7 695.9 707.0 715.8 722.0 728.3 734.3 734.1 734.0 733.8 729.5 722.2 714.9 708.4 707.2 705.9 704.6 706.5 709.9 713.3 715.7 714.8 713.9 713.1 701.2 686.2 671.3 656.3 641.5 626.6 611.7 607.2 604.0 600.9 599.0 598.9 598.7 598.6 605.3 612.1 619.0 620.9 618.4
655.2 656.2 657.1 653.2 649.2 645.1 644.0 645.2 646.5 647.6 647.7 647.7 647.7 646.7 645.1 643.4 641.4 637.6 633.9 630.1 627.9 626.1 624.3 622.9 622.4 621.9 621.4 623.8 626.7 629.7 635.5 646.0 656.4 666.9 676.7 686.5 696.4 705.1 712.7 720.2 727.7 730.5 733.4 736.3 732.9 725.0 717.1 709.5 704.4 699.2 694.0 693.6 695.4 697.2 698.9 700.4 701.9 703.4 693.3 679.9 666.5 652.4 637.2 621.9 606.6 601.8 598.5 595.1 593.0 592.7 592.4 592.1 598.4 604.9 611.4 613.1 610.7
665.5 667.1 668.7 662.0 655.3 648.6 644.8 643.7 642.5 641.4 640.5 639.7 638.8 638.0 637.2 636.3 635.1 632.6 630.0 627.4 626.1 625.2 624.3 623.6 623.6 623.5 623.5 625.3 627.6 629.8 634.5 643.1 651.7 660.2 668.7 677.2 685.7 694.4 703.3 712.2 721.0 726.9 732.9 738.8 736.3 727.8 719.3 710.6 701.6 692.5 683.4 680.6 680.9 681.1 682.2 686.0 689.9 693.7 685.3 673.5 661.6 648.5 632.9 617.2 601.6 596.5 592.9 589.3 587.0 586.6 586.1 585.6 591.6 597.6 603.7 605.3 603.0
675.6 676.5 677.4 668.3 659.2 650.0 644.3 641.5 638.7 636.1 634.8 633.5 632.2 631.5 631.3 631.0 630.5 628.8 627.1 625.4 624.7 624.5 624.2 624.2 624.7 625.3 625.8 627.8 630.0 632.3 636.4 643.6 650.7 657.9 665.1 672.2 679.3 687.8 697.7 707.6 717.4 725.7 733.9 742.2 740.3 731.2 722.1 712.6 700.3 688.0 675.6 670.7 669.1 667.6 667.7 673.2 678.6 684.1 677.7 667.9 658.1 646.5 631.2 615.9 600.6 594.8 590.3 585.9 583.1 582.6 582.1 581.6 587.3 593.2 599.1 600.9 598.9
685.2 682.0 678.8 668.0 657.2 646.4 640.2 637.9 635.6 633.5 632.6 631.8 630.9 630.5 630.3 630.1 629.7 628.1 626.6 625.1 624.5 624.3 624.1 624.4 625.9 627.4 628.9 632.5 636.4 640.4 645.5 652.4 659.4 666.3 672.1 677.8 683.6 691.4 701.4 711.5 721.5 730.2 738.9 747.6 745.8 736.3 726.8 716.7 702.8 688.9 675.0 668.0 664.2 660.5 658.8 664.1 669.4 674.7 670.8 664.3 657.8 649.1 636.0 622.9 609.7 602.1 595.2 588.3 584.3 584.0 583.7 583.4 589.6 595.9 602.2 604.7 603.9
694.7 687.4 680.2 667.8 655.3 642.9 636.1 634.3 632.5 630.8 630.4 630.0 629.7 629.5 629.4 629.2 628.9 627.5 626.1 624.7 624.3 624.2 624.1 624.7 627.1 629.6 632.0 637.1 642.8 648.5 654.6 661.3 668.0 674.7 679.2 683.5 687.8 695.0 705.2 715.4 725.6 734.7 743.9 753.1 751.2 741.3 731.5 720.8 705.4 689.9 674.5 665.4 659.4 653.3 649.8 655.0 660.1 665.3 663.9 660.7 657.5 651.7 640.8 629.9 618.9 609.4 600.1 590.8 585.5 585.4 585.4 585.3 591.9 598.5 605.2 608.6 609.0
704.2 692.9 681.6 667.5 653.4 639.3 632.1 630.7 629.4 628.1 628.2 628.3 628.4 628.4 628.4 628.4 628.1 626.9 625.7 624.4 624.1 624.1 624.0 625.0 628.3 631.7 635.1 641.8 649.2 656.6 663.6 670.1 676.6 683.1 686.2 689.1 692.0 698.5 708.9 719.3 729.6 739.3 748.9 758.6 756.6 746.4 736.1 725.0 707.9 690.9 673.9 662.8 654.5 646.1 640.9 645.9 650.9 655.9 657.0 657.1 657.2 654.3 645.6 636.8 628.1 616.7 605.0 593.3 586.6 586.8 587.0 587.2 594.1 601.2 608.3 612.5 614.0
705.2 691.4 677.6 664.1 650.6 637.1 630.2 629.0 627.8 626.8 627.5 628.3 629.1 630.1 631.2 632.3 633.1 632.8 632.5 632.2 632.0 631.8 631.6 632.6 636.4 640.1 643.9 650.4 657.5 664.6 670.7 675.5 680.2 685.0 687.4 689.8 692.1 698.4 708.9 719.5 730.1 739.7 749.3 758.9 757.3 747.5 737.7 727.0 710.9 694.7 678.5 667.0 657.8 648.6 642.3 645.6 649.0 652.4 654.0 655.0 656.0 654.1 645.9 637.7 629.5 617.9 605.7 593.6 587.1 588.2 589.3 590.3 598.5 606.9 615.3 620.7 623.5
700.1 684.9 669.8 658.4 647.1 635.8 629.9 628.6 627.3 626.3 627.9 629.6 631.2 633.7 636.7 639.7 642.3 643.5 644.7 645.9 645.8 645.3 644.8 645.5 649.3 653.1 656.8 661.9 667.1 672.4 676.4 678.3 680.3 682.2 684.5 686.8 689.1 695.5 706.3 717.1 727.9 737.1 746.4 755.6 754.4 745.7 737.0 727.6 714.1 700.5 686.9 676.3 667.1 658.0 651.1 651.8 652.5 653.3 653.7 654.0 654.4 651.7 642.9 634.1 625.3 614.5 603.5 592.5 587.2 589.6 592.0 594.3 604.5 614.8 625.2 632.2 636.4
694.9 678.5 662.0 652.8 643.6 634.5 629.6 628.2 626.8 625.8 628.3 630.8 633.4 637.4 642.2 647.0 651.5 654.2 656.8 659.5 659.6 658.8 658.0 658.5 662.3 666.0 669.8 673.3 676.8 680.3 682.1 681.2 680.3 679.4 681.5 683.8 686.1 692.7 703.7 714.7 725.7 734.6 743.4 752.2 751.5 743.9 736.3 728.3 717.2 706.2 695.2 685.5 676.4 667.4 659.9 658.0 656.1 654.1 653.4 653.0 652.7 649.3 639.9 630.5 621.0 611.2 601.2 591.3 587.2 590.9 594.6 598.4 610.4 622.7 635.0 643.7 649.2
689.8 672.0 654.2 647.1 640.2 633.2 629.3 627.8 626.4 625.4 628.7 632.1 635.5 641.0 647.7 654.4 660.7 664.8 669.0 673.1 673.4 672.3 671.2 671.4 675.2 679.0 682.8 684.8 686.4 688.1 687.7 684.0 680.3 676.6 678.5 680.9 683.2 689.8 701.1 712.4 723.5 732.0 740.4 748.9 748.7 742.1 735.6 728.9 720.4 712.0 703.6 694.7 685.7 676.8 668.8 664.2 659.6 655.0 653.1 652.1 651.0 647.0 636.9 626.8 616.8 607.8 599.0 590.1 587.2 592.3 597.3 602.4 616.4 630.6 644.9 655.2 662.0
686.8 669.2 651.6 645.2 638.9 632.7 629.0 627.5 626.1 625.2 629.7 634.3 638.9 646.0 654.5 663.0 671.1 676.9 682.8 688.6 689.9 689.5 689.0 689.0 689.8 690.6 691.5 689.6 687.2 684.9 681.7 677.4 673.1 668.7 671.1 674.0 676.9 684.0 695.7 707.4 719.0 726.3 733.6 740.9 740.0 733.2 726.5 719.8 713.9 707.9 702.0 696.1 690.1 684.1 678.4 673.4 668.5 663.6 658.7 653.7 648.8 641.9 631.1 620.2 609.3 602.3 596.0 589.6 588.6 594.9 601.3 607.6 622.1 636.9 651.7 662.1 668.5
684.1 666.9 649.7 643.7 638.0 632.2 628.7 627.3 625.8 625.0 630.8 636.6 642.5 651.2 661.5 671.8 681.6 689.2 696.8 704.3 706.7 707.1 707.6 707.2 704.7 702.1 699.6 693.5 686.8 680.0 674.1 669.4 664.8 660.1 663.1 666.6 670.1 677.7 689.9 702.1 714.1 720.1 726.2 732.3 730.6 723.3 716.1 709.3 705.9 702.5 699.1 696.2 693.7 691.2 688.1 683.2 678.2 673.3 665.0 655.8 646.6 636.5 624.8 613.0 601.3 596.6 592.9 589.2 590.2 597.8 605.4 612.9 627.8 642.9 658.0 668.3 674.2
681.5 664.6 647.8 642.3 637.0 631.7 628.4 627.0 625.5 624.8 631.9 639.0 646.1 656.4 668.5 680.6 692.2 701.5 710.8 720.1 723.5 724.8 726.1 725.4 719.5 713.6 707.7 697.4 686.3 675.2 666.4 661.4 656.5 651.5 655.0 659.1 663.2 671.5 684.1 696.8 709.2 714.0 718.8 723.6 721.1 713.4 705.7 698.9 697.9 697.0 696.1 696.4 697.3 698.2 697.8 692.9 687.9 683.0 671.4 657.9 644.4 631.1 618.5 605.9 593.3 590.8 589.8 588.7 591.9 600.7 609.5 618.3 633.5 648.9 664.3 674.4 679.8
680.5 664.1 647.7 642.3 637.1 631.9 628.6 627.1 625.6 625.0 632.9 640.9 648.8 660.6 674.6 688.6 702.0 712.8 723.6 734.4 738.8 740.9 743.0 742.0 733.2 724.3 715.5 701.7 686.9 672.2 661.1 655.9 650.8 645.6 649.7 654.4 659.1 667.7 680.4 693.0 705.4 708.5 711.7 714.8 711.3 703.1 694.8 687.8 689.1 690.4 691.7 694.9 699.0 703.1 705.1 700.1 695.2 690.2 675.8 658.7 641.5 625.8 612.8 599.8 586.9 586.3 587.5 588.8 593.8 603.9 614.0 624.1 639.5 655.1 670.6 680.6 685.5
688.2 672.4 656.6 649.5 642.4 635.4 631.2 629.4 627.5 626.5 633.5 640.5 647.6 660.3 676.4 692.5 707.7 719.0 730.3 741.5 746.5 749.1 751.8 750.9 741.2 731.4 721.6 707.7 693.0 678.3 667.4 662.7 657.9 653.2 657.7 663.0 668.3 676.1 686.6 697.0 707.2 706.5 705.8 705.1 699.6 690.6 681.7 674.2 676.2 678.1 680.1 684.9 690.9 697.0 700.5 695.4 690.3 685.1 670.5 653.1 635.8 620.5 609.8 599.0 588.2 588.2 589.8 591.3 597.1 608.7 620.3 631.9 646.9 662.0 677.1 686.6 691.2
695.8 680.7 665.5 656.6 647.8 638.9 633.7 631.6 629.5 628.0 634.1 640.2 646.3 660.1 678.3 696.5 713.5 725.2 736.9 748.7 754.2 757.4 760.6 759.9 749.1 738.4 727.7 713.7 699.1 684.5 673.8 669.4 665.1 660.7 665.8 671.6 677.5 684.5 692.8 701.1 709.0 704.4 699.9 695.3 687.8 678.2 668.5 660.5 663.2 665.9 668.6 674.9 682.9 690.9 695.9 690.6 685.3 680.1 665.2 647.6 630.0 615.3 606.7 598.2 589.6 590.1 592.0 593.8 600.4 613.5 626.6 639.6 654.2 668.9 683.5 692.7 696.9
703.5 688.9 674.4 663.7 653.1 642.5 636.2 633.8 631.4 629.6 634.7 639.9 645.0 659.8 680.1 700.4 719.2 731.4 743.6 755.8 761.9 765.6 769.4 768.8 757.1 745.4 733.8 719.7 705.2 690.6 680.1 676.2 672.2 668.2 673.9 680.2 686.6 692.9 699.0 705.1 710.7 702.4 694.0 685.6 676.1 665.7 655.4 646.8 650.2 653.6 657.0 664.8 674.8 684.8 691.2 685.8 680.4 675.0 659.9 642.1 624.2 610.1 603.7 597.3 590.9 592.0 594.2 596.3 603.7 618.3 632.9 647.4 661.6 675.8 689.9 698.7 702.7
707.3 694.0 680.7 668.9 657.2 645.5 638.6 635.7 632.8 630.5 635.0 639.4 643.9 658.3 678.5 698.7 717.4 729.6 741.9 754.1 760.7 765.2 769.8 769.9 759.1 748.3 737.4 724.5 711.2 697.9 688.0 683.7 679.4 675.0 681.0 687.6 694.3 699.8 704.0 708.2 711.9 701.0 690.0 679.1 668.3 657.5 646.8 637.8 641.3 644.8 648.3 657.2 668.6 680.1 687.9 683.1 678.3 673.6 659.3 642.4 625.4 612.2 606.9 601.5 596.2 596.7 598.1 599.5 606.5 621.4 636.2 651.0 665.2 679.3 693.5 702.1 705.5
706.6 695.2 683.9 672.0 660.0 648.1 640.7 637.1 633.6 630.7 634.8 638.9 642.9 655.5 672.9 690.4 706.8 718.6 730.3 742.1 749.3 754.9 760.4 762.1 754.2 746.2 738.3 728.0 717.1 706.3 697.5 692.0 686.5 681.1 686.9 693.6 700.2 705.0 707.6 710.2 712.4 700.4 688.4 676.3 665.0 654.1 643.3 634.2 637.1 639.9 642.8 652.2 664.7 677.2 686.1 682.9 679.7 676.5 664.3 649.5 634.7 622.9 617.3 611.6 605.9 604.6 604.0 603.3 608.7 622.4 636.0 649.7 664.4 679.1 693.8 702.2 705.0
705.9 696.5 687.1 675.0 662.8 650.6 642.8 638.6 634.5 631.0 634.7 638.3 642.0 652.7 667.4 682.1 696.2 707.5 718.8 730.1 737.9 744.5 751.0 754.3 749.3 744.2 739.2 731.4 723.1 714.7 707.0 700.4 693.7 687.1 692.8 699.5 706.2 710.1 711.2 712.3 712.9 699.8 686.7 673.6 661.7 650.8 639.9 630.6 632.9 635.1 637.3 647.2 660.7 674.2 684.3 682.7 681.0 679.3 669.2 656.6 644.1 633.6 627.6 621.7 615.7 612.6 609.9 607.2 610.9 623.4 635.9 648.3 663.5 678.8 694.0 702.4 704.4
705.2 697.7 690.3 678.0 665.6 653.2 644.8 640.1 635.3 631.2 634.5 637.8 641.1 649.9 661.8 673.8 685.6 696.4 707.2 718.1 726.5 734.1 741.7 746.5 744.3 742.2 740.0 734.8 729.0 723.2 716.6 708.8 700.9 693.1 698.8 705.4 712.1 715.3 714.8 714.3 713.4 699.2 685.0 670.8 658.4 647.4 636.4 627.1 628.7 630.3 631.9 642.2 656.8 671.3 682.5 682.4 682.3 682.2 674.2 663.8 653.4 644.3 638.0 631.7 625.4 620.5 615.8 611.1 613.1 624.4 635.7 647.0 662.7 678.5 694.3 702.6 703.9
699.4 692.7 686.0 675.8 665.5 655.2 648.3 644.2 640.1 636.4 638.0 639.6 641.2 647.7 657.1 666.4 675.7 684.7 693.6 702.5 711.1 719.5 727.9 734.0 734.3 734.6 734.8 730.0 724.1 718.3 711.6 703.8 695.9 688.0 693.8 700.6 707.3 711.6 713.2 714.7 715.8 699.7 683.7 667.7 655.1 645.1 635.1 626.7 629.0 631.3 633.5 644.3 659.2 674.0 685.7 686.8 687.8 688.9 682.6 674.2 665.7 658.0 651.7 645.5 639.2 633.9 628.8 623.6 624.1 632.3 640.4 648.6 662.0 675.5 689.0 695.7 696.1
692.0 685.6 679.2 671.9 664.5 657.1 652.1 649.1 646.1 643.3 642.8 642.2 641.7 645.8 652.6 659.4 666.1 672.7 679.3 685.9 694.4 703.6 712.8 720.1 722.7 725.2 727.7 722.5 715.8 709.1 702.0 694.5 686.9 679.4 685.3 692.2 699.2 705.1 709.8 714.6 718.7 700.6 682.6 664.5 651.9 643.2 634.5 627.4 630.8 634.1 637.5 648.7 663.6 678.5 690.5 692.6 694.7 696.8 692.1 685.6 679.0 672.6 666.5 660.4 654.3 649.1 644.0 639.0 637.9 642.3 646.7 651.1 661.3 671.6 681.9 686.5 685.9
