Data/sonla.asc
ncols 200
nrows 200
xllcorner 103.857235
yllcorner 21.380763
cellsize 25.0
NODATA_value -9999
[rows 102 to 135 of 200, columns 0 to 76 of 200]
790.8 796.3 829.1 810.1 803.4 798.1 792.8 797.2 813.4 829.6 845.9 858.2 870.5 882.9 882.0 870.3 858.6 848.3 851.5 854.6 857.8 867.2 880.1 892.9 903.7 906.2 908.8 911.4 904.8 895.2 885.5 876.1 867.4 858.6 849.8 842.7 835.9 829.1 817.9 800.0 782.1 764.1 747.3 730.6 713.8 699.5 687.8 676.0 664.7 663.4 662.2 660.9 662.3 665.4 668.6 673.4 688.6 703.9 719.1 739.4 762.0 784.6 802.6 806.0 809.3 812.7 805.6 795.7 785.7 774.9 762.3 749.8 737.2 735.1 734.5 733.8 738.6
786.2 794.4 831.5 814.2 808.7 804.4 800.1 805.3 821.9 838.5 855.1 866.1 877.1 888.1 886.9 875.7 864.6 854.9 859.3 863.7 868.0 877.9 890.6 903.4 913.9 915.4 916.9 918.4 912.5 904.1 895.6 887.2 879.0 870.7 862.4 856.0 849.9 843.8 833.6 817.0 800.5 783.9 766.6 749.1 731.7 714.7 698.0 681.4 665.3 664.0 662.8 661.5 663.0 666.6 670.1 675.0 688.5 702.0 715.4 734.0 755.0 775.9 792.9 797.1 801.3 805.5 797.4 785.9 774.5 763.2 752.2 741.3 730.4 732.0 735.2 738.5 746.2
777.2 786.9 835.2 820.4 816.0 812.7 809.3 814.5 830.0 845.6 861.1 868.7 876.3 884.0 882.5 873.6 864.7 857.3 863.8 870.3 876.8 887.1 899.4 911.8 921.8 922.1 922.5 922.8 918.4 912.3 906.3 899.8 892.2 884.6 876.9 870.9 865.2 859.5 850.3 835.8 821.3 806.8 789.1 771.2 753.3 733.0 710.4 687.7 665.9 664.8 663.8 662.7 664.4 668.0 671.6 676.5 689.4 702.2 715.1 731.3 749.0 766.8 781.4 786.3 791.1 795.9 786.8 773.8 760.9 749.8 742.3 734.8 727.3 733.0 740.5 747.9 758.2
766.3 776.9 838.8 826.7 823.3 820.9 818.5 823.7 838.2 852.6 867.0 871.3 875.5 879.8 878.1 871.4 864.8 859.7 868.3 876.9 885.5 896.2 908.2 920.2 929.7 928.8 928.0 927.1 924.2 920.6 917.0 912.4 905.4 898.4 891.4 885.8 880.5 875.2 867.0 854.6 842.1 829.6 811.6 793.2 774.8 751.4 722.7 694.0 666.4 665.6 664.8 664.0 665.8 669.5 673.2 678.1 690.3 702.5 714.7 728.5 743.1 757.6 770.0 775.4 780.9 786.4 776.2 761.7 747.3 736.3 732.3 728.2 724.2 734.1 745.7 757.4 770.2
755.5 767.0 842.5 832.9 830.6 829.2 827.7 832.9 846.3 859.6 873.0 873.8 874.7 875.6 873.6 869.3 864.9 862.0 872.7 883.4 894.2 905.4 917.0 928.6 937.5 935.5 933.5 931.5 930.1 928.9 927.7 925.0 918.6 912.3 905.9 900.7 895.8 890.9 883.8 873.3 862.9 852.4 834.1 815.2 796.4 769.8 735.0 700.3 667.0 666.4 665.8 665.2 667.2 671.0 674.7 679.6 691.2 702.8 714.4 725.8 737.1 748.5 758.5 764.6 770.7 776.8 765.6 749.6 733.7 722.9 722.3 721.7 721.1 735.1 751.0 766.9 782.2
744.6 757.0 851.7 842.5 840.1 838.4 836.8 840.5 850.9 861.3 871.7 870.0 868.4 866.8 864.5 861.6 858.8 857.3 869.1 880.8 892.5 903.1 913.0 922.8 930.1 926.9 923.6 920.3 920.0 920.6 921.2 919.9 914.1 908.3 902.4 896.4 890.3 884.2 876.9 867.7 858.5 849.3 834.5 819.4 804.3 780.3 747.1 713.9 681.8 678.0 674.2 670.3 671.4 675.8 680.3 685.8 697.6 709.4 721.3 731.2 740.4 749.5 757.2 760.2 763.1 766.1 755.9 742.2 728.4 719.9 721.7 723.5 725.3 740.3 756.9 773.5 788.1
742.0 754.3 861.0 852.2 849.6 847.7 845.8 848.1 855.5 862.9 870.3 866.2 862.1 858.0 855.4 854.0 852.6 852.6 865.3 878.1 890.8 900.6 908.8 916.9 922.6 918.1 913.6 909.0 909.7 912.1 914.5 914.7 909.4 904.1 898.8 891.9 884.6 877.4 869.8 861.9 853.9 846.0 834.8 823.5 812.1 790.8 759.1 727.5 696.8 689.7 682.6 675.4 675.6 680.7 685.9 692.0 704.1 716.1 728.2 736.7 743.7 750.6 755.9 755.7 755.6 755.5 746.3 734.8 723.2 716.9 721.1 725.4 729.6 745.5 762.8 780.1 794.0
739.6 751.6 870.3 861.9 859.1 857.0 854.8 855.6 860.1 864.5 869.0 862.3 855.7 849.1 846.2 846.3 846.4 847.8 861.6 875.4 889.1 898.1 904.6 911.0 915.1 909.3 903.5 897.8 899.4 903.7 907.9 909.5 904.7 900.0 895.2 887.4 879.0 870.5 862.8 856.1 849.4 842.7 835.1 827.5 819.9 801.3 771.2 741.1 711.8 701.4 691.0 680.6 679.8 685.6 691.5 698.3 710.6 722.9 735.1 742.3 747.0 751.8 754.6 751.3 748.1 744.8 736.7 727.3 717.9 713.9 720.6 727.3 733.9 750.7 768.7 786.8 799.9
737.1 748.8 876.4 868.5 866.3 864.8 863.2 863.1 865.0 866.8 868.6 860.0 851.3 842.7 839.2 840.0 840.8 842.8 856.3 869.9 883.4 891.3 896.2 901.1 903.8 897.7 891.6 885.5 888.0 893.4 898.8 901.4 897.1 892.7 888.4 879.8 870.5 861.2 853.4 847.9 842.4 836.9 832.6 828.5 824.3 808.6 781.0 753.3 726.2 712.6 698.9 685.3 683.3 689.5 695.7 702.7 715.2 727.7 740.2 746.9 750.9 754.9 756.7 751.4 746.0 740.6 733.2 725.2 717.2 714.6 722.8 731.1 739.3 755.6 773.0 790.4 802.1
740.2 751.8 874.5 867.6 867.9 868.9 869.9 870.5 870.6 870.7 870.8 861.3 851.8 842.2 837.7 837.1 836.6 837.1 847.2 857.4 867.6 873.5 877.3 881.0 883.1 879.0 874.8 870.7 873.5 878.7 883.9 886.3 881.9 877.6 873.2 864.7 855.3 845.9 838.4 833.8 829.2 824.7 823.1 821.7 820.2 808.2 785.2 762.1 739.3 722.6 705.8 689.0 685.3 690.8 696.3 702.7 715.3 727.9 740.4 749.2 756.2 763.2 767.4 762.5 757.6 752.7 744.8 736.2 727.6 724.4 732.0 739.6 747.2 759.9 773.3 786.8 795.1
757.2 769.1 872.7 866.7 869.4 873.0 876.5 877.8 876.2 874.5 872.9 862.6 852.2 841.8 836.1 834.2 832.4 831.3 838.1 844.9 851.7 855.8 858.3 860.9 862.5 860.3 858.1 855.9 859.0 864.0 869.0 871.2 866.8 862.5 858.1 849.5 840.0 830.6 823.4 819.8 816.1 812.5 813.5 814.8 816.2 807.8 789.3 770.9 752.4 732.5 712.6 692.7 687.4 692.1 696.9 702.7 715.4 728.0 740.7 751.5 761.5 771.4 778.0 773.6 769.1 764.7 756.5 747.2 738.0 734.2 741.1 748.1 755.1 764.2 773.6 783.1 788.1
774.3 786.4 870.9 865.8 870.9 877.1 883.2 885.1 881.8 878.4 875.1 863.9 852.6 841.4 834.6 831.4 828.2 825.6 829.0 832.5 835.9 838.0 839.4 840.8 841.8 841.6 841.3 841.1 844.5 849.3 854.0 856.1 851.7 847.4 843.0 834.3 824.8 815.2 808.4 805.7 803.0 800.3 803.9 808.0 812.1 807.3 793.5 779.7 765.5 742.5 719.5 696.4 689.4 693.4 697.5 702.8 715.5 728.2 740.9 753.8 766.7 779.7 788.6 784.7 780.7 776.7 768.1 758.3 748.4 743.9 750.3 756.6 763.0 768.5 774.0 779.4 781.1
791.3 803.7 870.5 867.6 874.7 882.8 890.9 893.6 889.7 885.8 881.9 869.4 856.9 844.4 836.3 831.6 827.0 822.9 823.6 824.2 824.9 825.0 824.7 824.5 824.5 825.7 827.0 828.3 832.5 837.7 842.9 845.7 842.8 839.8 836.8 828.7 819.8 810.8 804.3 801.5 798.8 796.1 800.0 804.2 808.5 804.6 792.2 779.8 767.0 744.0 721.0 697.9 690.8 694.9 698.9 704.3 717.7 731.1 744.6 758.6 772.9 787.3 797.5 794.4 791.3 788.2 779.4 769.1 758.7 753.7 759.6 765.5 771.3 775.0 778.4 781.8 781.1
807.6 819.5 871.3 871.4 880.1 889.6 899.2 902.9 899.3 895.8 892.2 878.1 864.1 850.0 840.3 834.2 828.1 822.4 820.7 819.1 817.4 815.3 813.1 810.9 809.6 812.0 814.5 816.9 822.2 828.4 834.7 838.9 838.2 837.6 837.0 830.1 822.2 814.2 808.0 804.6 801.2 797.8 800.0 802.6 805.3 800.1 786.9 773.6 760.1 739.3 718.6 697.8 691.9 696.4 701.0 706.9 721.5 736.1 750.7 765.2 779.8 794.4 805.1 803.1 801.2 799.3 790.5 779.7 768.9 763.6 769.1 774.5 780.0 783.1 785.9 788.7 786.3
823.3 834.3 872.1 875.1 885.4 896.5 907.6 912.2 909.0 905.7 902.4 886.8 871.2 855.6 844.4 836.8 829.2 821.9 817.9 813.9 809.8 805.7 801.5 797.4 794.7 798.3 801.9 805.5 811.9 819.1 826.4 832.0 833.7 835.4 837.1 831.5 824.6 817.7 811.8 807.7 803.5 799.4 800.1 801.1 802.1 795.6 781.5 767.4 753.2 734.7 716.2 697.7 693.0 698.0 703.0 709.4 725.2 741.0 756.8 771.9 786.7 801.5 812.6 811.9 811.1 810.4 801.5 790.3 779.2 773.5 778.5 783.6 788.7 791.2 793.3 795.5 791.5
839.1 849.1 872.9 878.9 890.8 903.4 916.0 921.5 918.6 915.6 912.7 895.5 878.3 861.1 848.4 839.3 830.2 821.4 815.0 808.7 802.3 796.1 790.0 783.8 779.8 784.6 789.4 794.2 801.6 809.8 818.1 825.1 829.2 833.2 837.3 832.9 827.0 821.1 815.6 810.8 805.9 801.1 800.2 799.5 798.8 791.2 776.2 761.2 746.2 730.0 713.8 697.6 694.1 699.6 705.0 712.0 729.0 745.9 762.9 778.5 793.6 808.6 820.2 820.6 821.0 821.5 812.5 801.0 789.4 783.3 788.0 792.7 797.4 799.3 800.8 802.3 796.7
854.8 863.9 891.2 897.5 907.0 916.8 926.6 929.1 922.6 916.0 909.5 893.1 876.6 860.2 847.9 839.0 830.0 821.1 811.8 802.6 793.3 786.9 782.0 777.1 774.5 781.2 788.0 794.7 804.2 814.6 825.1 834.2 840.2 846.2 852.2 848.0 842.0 836.0 830.1 824.4 818.6 812.9 810.3 807.8 805.4 796.0 779.3 762.7 746.1 731.6 717.1 702.6 700.4 706.8 713.2 721.3 740.1 758.9 777.7 793.8 808.7 823.6 834.4 832.4 830.4 828.4 819.0 807.6 796.2 790.0 793.8 797.7 801.6 802.8 803.6 804.5 799.1
855.9 861.7 912.1 918.3 924.8 931.2 937.7 936.4 925.7 915.0 904.4 889.0 873.7 858.4 846.8 838.2 829.7 820.8 808.6 796.3 784.1 777.7 774.6 771.4 770.6 779.4 788.1 796.8 808.6 821.4 834.2 845.5 853.4 861.3 869.1 865.1 858.9 852.6 846.2 839.5 832.9 826.2 821.8 817.5 813.3 802.1 783.7 765.2 747.0 734.1 721.3 708.4 707.5 714.9 722.3 731.6 752.3 773.1 793.8 810.4 825.0 839.7 849.7 844.7 839.7 834.7 824.9 813.7 802.6 796.1 799.2 802.2 805.2 805.7 805.8 805.9 801.2
854.9 857.0 933.0 939.1 942.5 945.6 948.7 943.7 928.9 914.1 899.3 885.0 870.8 856.5 845.6 837.5 829.3 820.5 805.3 790.1 774.9 768.6 767.2 765.7 766.7 777.5 788.2 799.0 813.0 828.2 843.3 856.9 866.6 876.4 886.1 882.2 875.7 869.2 862.3 854.7 847.1 839.4 833.3 827.3 821.2 808.2 788.0 767.8 747.9 736.7 725.4 714.2 714.6 723.0 731.4 741.8 764.5 787.2 810.0 827.0 841.4 855.8 864.9 856.9 849.0 841.0 830.7 819.8 808.9 802.3 804.5 806.7 808.8 808.6 808.0 807.4 803.2
853.9 852.3 950.5 956.0 956.3 956.1 955.8 947.5 929.2 911.0 892.8 879.5 866.2 852.9 842.5 834.6 826.8 817.9 800.6 783.2 765.8 760.1 760.8 761.5 764.6 777.4 790.2 803.1 819.2 836.6 853.9 869.5 880.8 892.1 903.4 899.6 893.0 886.3 878.9 870.3 861.7 853.1 845.8 838.5 831.3 816.8 794.7 772.6 751.0 740.9 730.9 720.8 722.1 731.2 740.4 751.6 775.7 799.9 824.0 841.4 855.7 870.0 878.5 868.3 858.1 847.9 837.5 827.0 816.6 810.0 811.2 812.4 813.6 812.6 811.3 810.0 806.3
851.3 846.4 951.7 953.7 950.7 947.3 943.8 933.8 915.7 897.6 879.6 866.4 853.3 840.1 829.6 821.4 813.1 804.1 788.5 772.9 757.4 755.0 759.8 764.7 771.5 786.4 801.3 816.3 834.0 852.8 871.5 888.1 899.5 910.9 922.3 918.7 912.3 905.9 898.1 888.3 878.4 868.5 862.8 857.4 852.0 837.3 813.1 788.9 765.3 753.9 742.6 731.3 731.6 740.1 748.5 759.0 782.0 804.9 827.9 845.3 860.3 875.2 884.5 875.5 866.6 857.6 848.7 839.8 830.9 824.9 824.6 824.3 824.0 822.2 820.2 818.3 815.1
841.0 834.0 952.8 951.3 945.1 938.5 931.8 920.1 902.2 884.2 866.3 853.3 840.3 827.4 816.7 808.1 799.4 790.2 776.4 762.7 748.9 749.9 758.8 767.8 778.4 795.4 812.5 829.5 848.9 869.0 889.1 906.7 918.2 929.7 941.2 937.8 931.6 925.4 917.3 906.2 895.1 884.0 879.9 876.3 872.7 857.9 831.6 805.3 779.5 766.9 754.4 741.8 741.2 749.0 756.7 766.4 788.2 810.0 831.8 849.3 864.8 880.4 890.5 882.7 875.0 867.3 859.9 852.6 845.2 839.8 838.0 836.2 834.4 831.9 829.2 826.5 823.8
830.6 821.5 954.0 948.9 939.5 929.7 919.8 906.4 888.6 870.9 853.1 840.3 827.4 814.6 803.8 794.8 785.7 776.4 764.4 752.4 740.4 744.7 757.8 771.0 785.3 804.4 823.6 842.7 863.7 885.2 906.8 925.4 936.9 948.5 960.0 956.8 950.9 945.0 936.5 924.2 911.8 899.4 897.0 895.2 893.3 878.4 850.0 821.6 793.8 779.9 766.1 752.3 750.8 757.8 764.9 773.8 794.4 815.0 835.6 853.2 869.4 885.6 896.4 890.0 883.5 877.0 871.1 865.3 859.6 854.6 851.4 848.1 844.9 841.5 838.1 834.7 832.5
820.2 809.1 949.4 941.5 930.0 918.0 906.1 891.0 872.1 853.2 834.3 821.3 808.3 795.3 784.8 776.3 767.9 759.4 750.4 741.4 732.4 740.0 756.5 773.0 790.3 811.1 831.8 852.6 873.7 895.0 916.3 934.6 945.7 956.7 967.8 965.0 959.8 954.5 946.7 935.2 923.7 912.2 908.7 905.8 902.9 887.6 859.5 831.4 803.9 790.7 777.5 764.3 762.7 769.2 775.7 783.9 802.3 820.8 839.2 855.8 871.4 887.1 898.2 894.2 890.3 886.3 881.8 877.1 872.5 867.9 863.5 859.1 854.8 850.3 845.8 841.3 838.7
807.2 796.5 938.0 928.2 915.8 903.0 890.3 873.6 852.0 830.5 808.9 795.4 781.8 768.3 758.5 751.9 745.2 738.8 734.2 729.6 724.9 735.6 754.6 773.7 793.2 815.0 836.8 858.5 878.3 897.4 916.5 932.9 942.8 952.7 962.6 960.6 956.4 952.2 946.4 938.2 929.9 921.7 914.2 906.9 899.5 883.5 858.5 833.5 809.1 798.7 788.3 778.0 777.3 783.6 789.8 797.2 812.3 827.3 842.4 856.7 870.6 884.5 895.1 895.1 895.2 895.2 892.0 887.8 883.7 879.3 874.2 869.1 864.0 858.1 852.0 846.0 842.0
791.1 783.5 926.7 914.9 901.6 888.1 874.6 856.2 832.0 807.8 783.5 769.4 755.4 741.3 732.2 727.4 722.5 718.2 717.9 717.7 717.5 731.3 752.8 774.4 796.1 818.9 841.7 864.5 882.9 899.8 916.7 931.2 939.9 948.6 957.4 956.1 953.0 949.9 946.1 941.1 936.2 931.2 919.8 907.9 896.1 879.3 857.5 835.6 814.3 806.8 799.2 791.7 792.0 797.9 803.8 810.5 822.2 833.9 845.6 857.6 869.7 881.8 892.0 896.0 900.0 904.0 902.1 898.5 895.0 890.6 884.8 879.1 873.3 865.9 858.3 850.6 845.2
774.9 770.5 915.4 901.6 887.4 873.1 858.8 838.8 811.9 785.1 758.2 743.5 728.9 714.2 706.0 702.9 699.9 697.5 701.7 705.8 710.0 727.0 751.0 775.0 799.0 822.8 846.6 870.4 887.5 902.2 916.9 929.5 937.1 944.6 952.1 951.6 949.6 947.6 945.7 944.1 942.4 940.7 925.3 909.0 892.7 875.2 856.5 837.7 819.6 814.8 810.1 805.3 806.7 812.2 817.8 823.8 832.1 840.5 848.9 858.5 868.8 879.1 888.9 896.9 904.9 912.9 912.3 909.2 906.2 902.0 895.5 889.0 882.5 873.7 864.5 855.3 848.5
758.8 757.5 893.3 879.0 865.2 851.5 837.8 818.5 792.3 766.1 740.0 726.9 713.8 700.8 693.5 691.0 688.5 686.9 693.4 699.8 706.3 725.7 752.2 778.6 804.2 826.1 848.0 870.0 885.7 899.3 912.9 924.5 931.4 938.3 945.2 945.7 945.0 944.4 943.5 942.2 940.9 939.6 924.1 907.7 891.4 874.9 858.5 842.1 826.2 822.8 819.5 816.1 817.7 822.7 827.8 833.0 839.1 845.2 851.3 860.2 870.4 880.6 890.4 898.6 906.8 915.0 914.4 911.3 908.2 904.4 899.0 893.7 888.3 878.9 868.9 858.9 850.9
738.0 738.9 867.7 853.4 840.5 827.8 815.1 797.1 772.8 748.4 724.0 713.2 702.4 691.6 685.5 683.2 680.8 679.5 687.6 695.7 703.8 725.4 754.3 783.2 810.1 829.2 848.3 867.4 881.9 894.7 907.5 918.5 924.9 931.3 937.7 939.4 940.1 940.8 940.5 938.7 936.9 935.1 920.8 905.7 890.7 875.9 861.5 847.2 833.2 830.8 828.4 826.0 827.6 832.0 836.4 840.8 845.0 849.3 853.5 862.2 872.8 883.5 893.4 900.6 907.8 915.0 913.9 910.6 907.3 903.9 900.2 896.6 893.0 883.3 872.7 862.2 853.0
715.7 718.4 842.2 827.8 815.8 804.1 792.4 775.8 753.3 730.7 708.1 699.6 691.1 682.5 677.5 675.3 673.1 672.1 681.9 691.6 701.4 725.1 756.4 787.7 816.0 832.3 848.6 864.9 878.1 890.1 902.1 912.4 918.3 924.3 930.2 933.0 935.1 937.3 937.6 935.3 932.9 930.5 917.4 903.7 890.0 876.9 864.6 852.2 840.3 838.8 837.3 835.9 837.5 841.3 845.0 848.6 851.0 853.4 855.7 864.1 875.2 886.4 896.4 902.6 908.7 914.9 913.5 909.9 906.4 903.4 901.5 899.5 897.6 887.6 876.6 865.5 855.2
693.4 698.0 816.7 802.3 791.2 780.5 769.8 754.6 734.0 713.3 692.7 686.4 680.1 673.8 669.8 667.8 665.8 665.0 676.3 687.5 698.7 724.4 758.0 791.6 821.2 835.0 848.7 862.4 874.3 885.5 896.7 906.3 911.9 917.4 922.9 926.8 930.3 933.8 934.8 931.8 928.8 925.8 913.9 901.5 889.0 877.5 867.1 856.6 846.5 846.0 845.4 844.9 846.5 849.6 852.8 855.6 856.2 856.8 857.4 865.6 877.2 888.7 898.9 904.1 909.4 914.6 912.9 909.1 905.4 902.8 902.4 902.1 901.7 891.5 879.9 868.3 857.0
671.6 678.0 791.9 779.4 769.0 758.7 748.5 735.5 719.2 702.8 686.5 681.6 676.7 671.8 668.5 666.6 664.6 663.8 673.7 683.5 693.3 717.9 750.6 783.4 812.8 828.6 844.4 860.3 871.6 881.4 891.3 900.1 906.4 912.7 919.0 923.7 928.0 932.3 933.0 928.2 923.4 918.6 906.6 894.2 881.7 870.0 859.2 848.4 837.9 837.7 837.4 837.2 838.6 841.3 844.0 846.5 847.5 848.5 849.5 857.8 869.5 881.1 891.5 897.6 903.7 909.9 909.0 906.2 903.4 901.0 899.1 897.3 895.4 885.0 873.4 861.8 852.3
658.9 665.3 767.2 756.6 746.7 737.0 727.2 716.4 704.4 692.3 680.3 676.8 673.3 669.8 667.2 665.3 663.5 662.6 671.0 679.4 687.9 711.4 743.3 775.1 804.3 822.2 840.2 858.1 869.0 877.4 885.8 893.8 900.9 908.0 915.1 920.5 925.6 930.7 931.2 924.6 918.0 911.5 899.3 886.9 874.4 862.6 851.3 840.1 829.3 829.4 829.4 829.5 830.8 833.0 835.3 837.4 838.8 840.1 841.5 850.0 861.8 873.5 884.1 891.1 898.1 905.1 905.2 903.3 901.5 899.1 895.8 892.5 889.1 878.5 866.9 855.3 847.6
646.2 652.6 742.5 733.7 724.5 715.2 705.9 697.3 689.6 681.8 674.1 672.0 669.9 667.8 665.9 664.1 662.3 661.4 668.4 675.4 682.4 705.0 735.9 766.9 795.8 815.8 835.9 855.9 866.3 873.3 880.3 887.6 895.5 903.3 911.2 917.4 923.3 929.1 929.4 921.0 912.7 904.3 892.1 879.6 867.1 855.1 843.5 831.8 820.7 821.1 821.4 821.8 823.0 824.7 826.5 828.3 830.0 831.8 833.6 842.2 854.1 865.9 876.8 884.6 892.5 900.3 901.3 900.4 899.5 897.3 892.5 887.6 882.8 872.0 860.4 848.9 842.8
