Data/sonla.asc
ncols 200
nrows 200
xllcorner 103.857235
yllcorner 21.380763
cellsize 25.0
NODATA_value -9999
[rows 0 to 33 of 200, columns 0 to 76 of 200]
altitude (m) 810.9 806.8 794.5 781.3 768.0 755.4 743.5 731.6 719.7 705.3 691.0 676.6 667.0 661.1 655.2 649.9 650.5 651.1 651.7 648.5 643.3 638.0 633.0 628.9 624.8 620.6 621.7 624.5 627.4 632.2 641.6 650.9 660.3 659.8 657.5 655.2 650.8 643.4 636.0 628.6 626.6 624.9 623.2 622.0 621.2 620.5 619.8 619.9 620.0 620.1 620.5 621.0 621.6 622.3 624.3 626.3 628.3 632.2 637.0 641.7 647.1 654.5 661.8 669.2 669.5 668.0 666.4 664.0 659.8 655.6 651.4 651.8 652.7 653.6 655.2
932.6 921.7 804.9 797.2 784.2 770.7 757.1 745.2 735.3 725.3 715.3 705.1 694.8 684.5 677.8 674.1 670.3 666.9 667.5 668.1 668.7 663.5 655.4 647.2 639.5 633.7 627.9 622.1 622.9 625.9 628.9 633.9 643.8 653.6 663.5 662.4 659.3 656.2 651.4 644.1 636.7 629.4 627.6 626.2 624.7 623.5 622.4 621.3 620.3 620.5 620.7 620.9 620.9 620.8 620.8 620.9 622.2 623.6 624.9 627.9 631.6 635.3 639.4 645.1 650.7 656.3 656.0 654.3 652.6 650.5 647.8 645.1 642.3 643.1 644.3 645.4 647.3
927.3 916.8 798.8 787.5 773.9 760.1 746.3 735.1 727.0 719.0 711.0 704.8 698.6 692.4 688.7 687.1 685.4 683.9 684.5 685.1 685.7 678.6 667.5 656.3 645.9 638.4 631.0 623.6 624.1 627.3 630.4 635.7 646.0 656.3 666.7 664.9 661.1 657.2 652.0 644.7 637.4 630.2 628.6 627.4 626.2 624.9 623.5 622.2 620.9 621.2 621.4 621.7 621.4 620.7 619.9 619.4 620.2 620.9 621.6 623.7 626.2 628.8 631.7 635.6 639.5 643.4 642.6 640.7 638.7 637.0 635.7 634.5 633.3 634.4 635.8 637.2 639.3
922.0 912.0 792.7 778.4 764.5 750.7 736.8 726.9 721.7 716.4 711.2 709.0 706.8 704.6 703.5 703.2 703.0 702.7 702.1 701.6 701.0 692.2 679.0 665.7 653.3 644.3 635.3 626.3 627.1 631.2 635.3 641.3 652.1 662.9 673.7 672.2 668.5 664.8 659.4 651.5 643.6 635.7 633.3 631.2 629.1 627.2 625.5 623.8 622.2 622.2 622.2 622.2 621.7 620.9 620.1 619.4 619.7 619.9 620.1 621.5 623.5 625.5 627.7 630.7 633.7 636.7 635.8 633.9 632.0 630.7 630.7 630.6 630.6 633.1 635.8 638.6 642.1
910.2 900.8 786.7 769.5 755.4 741.7 727.9 719.4 717.2 715.0 712.8 714.6 716.4 718.2 719.5 720.4 721.3 721.9 719.9 717.9 715.8 705.3 690.3 675.3 661.1 650.5 640.0 629.4 630.7 635.9 641.2 648.2 659.5 670.7 682.0 681.0 677.7 674.5 669.1 660.3 651.5 642.8 639.1 635.8 632.4 629.7 627.7 625.7 623.8 623.4 623.0 622.6 622.0 621.3 620.6 619.9 619.7 619.4 619.2 620.1 621.6 623.1 624.8 627.2 629.6 632.0 631.1 629.3 627.6 626.8 627.8 628.9 629.9 634.1 638.5 643.0 648.2
896.3 887.6 780.6 760.6 746.3 732.6 718.9 711.8 712.7 713.6 714.5 720.3 726.0 731.8 735.6 737.6 739.7 741.2 737.7 734.2 730.7 718.5 701.6 684.8 668.9 656.8 644.6 632.5 634.3 640.7 647.1 655.1 666.8 678.6 690.3 689.7 687.0 684.2 678.7 669.1 659.5 649.8 645.0 640.4 635.8 632.3 630.0 627.7 625.4 624.6 623.9 623.1 622.4 621.7 621.0 620.4 619.7 619.0 618.2 618.7 619.8 620.8 622.0 623.7 625.5 627.2 626.3 624.7 623.1 622.8 625.0 627.1 629.3 635.1 641.2 647.4 654.4
882.4 874.3 775.2 752.7 738.3 724.8 711.3 705.6 709.4 713.1 716.9 726.4 736.0 745.5 751.5 754.7 757.8 760.1 755.0 749.9 744.9 731.0 712.5 694.0 676.6 663.1 649.6 636.2 638.5 646.0 653.6 662.5 674.7 686.8 698.9 698.7 696.4 694.1 688.5 678.1 667.8 657.4 651.3 645.5 639.7 635.5 632.9 630.2 627.7 626.4 625.2 623.9 623.0 622.4 621.7 621.0 619.8 618.6 617.4 617.5 618.1 618.6 619.4 620.5 621.7 622.8 621.9 620.5 619.0 619.1 622.3 625.4 628.6 635.9 643.8 651.7 660.3
868.5 861.1 782.2 761.9 749.8 738.6 727.3 722.8 726.4 730.0 733.6 742.8 751.9 761.1 766.4 768.7 771.0 772.2 764.0 755.8 747.6 733.3 715.7 698.1 682.0 671.6 661.2 650.8 654.4 662.7 670.9 680.0 690.8 701.7 712.6 712.1 709.7 707.3 702.1 692.6 683.0 673.5 667.3 661.3 655.2 650.7 647.7 644.6 641.6 638.6 635.5 632.5 630.0 627.9 625.9 623.9 622.2 620.6 618.9 618.8 619.4 620.0 620.7 622.0 623.2 624.4 623.4 621.8 620.2 619.9 622.2 624.5 626.8 634.8 643.6 652.3 661.8
854.0 849.2 789.3 771.1 761.3 752.3 743.3 740.0 743.4 746.9 750.3 759.1 767.9 776.6 781.3 782.8 784.2 784.3 773.0 761.6 750.3 735.5 718.9 702.3 687.5 680.1 672.8 665.4 670.3 679.3 688.2 697.4 707.0 716.6 726.2 725.6 723.1 720.6 715.7 707.0 698.3 689.7 683.3 677.0 670.7 665.9 662.4 659.0 655.6 650.7 645.9 641.0 637.0 633.5 630.0 626.8 624.7 622.5 620.4 620.2 620.8 621.3 622.1 623.4 624.7 626.1 624.9 623.1 621.4 620.7 622.1 623.6 625.0 633.7 643.3 652.9 663.2
839.5 837.2 796.3 780.4 772.8 766.1 759.4 757.2 760.5 763.8 767.1 775.4 783.8 792.2 796.2 796.8 797.4 796.4 781.9 767.5 753.0 737.7 722.0 706.4 693.0 688.6 684.3 680.0 686.2 695.9 705.6 714.9 723.2 731.6 739.9 739.0 736.4 733.9 729.2 721.4 713.6 705.8 699.2 692.7 686.2 681.0 677.2 673.4 669.5 662.9 656.2 649.6 644.0 639.1 634.2 629.7 627.1 624.5 621.9 621.5 622.1 622.7 623.5 624.9 626.3 627.7 626.4 624.5 622.6 621.5 622.1 622.6 623.2 632.6 643.0 653.5 664.7
825.0 825.3 803.9 791.3 785.3 780.0 774.7 772.9 775.4 778.0 780.5 787.7 794.8 802.0 804.9 804.5 804.1 802.1 785.9 769.7 753.5 738.4 723.8 709.2 697.3 696.0 694.7 693.3 700.8 711.2 721.6 730.8 737.4 743.9 750.5 749.7 747.7 745.6 741.6 734.6 727.6 720.7 714.4 708.1 701.8 696.6 692.5 688.4 684.1 676.3 668.4 660.6 653.9 647.9 642.0 636.5 633.3 630.1 627.0 625.9 625.6 625.4 625.5 626.5 627.5 628.5 627.1 625.1 623.1 621.8 621.9 621.9 621.9 631.7 642.7 653.6 665.2
814.5 817.0 812.5 805.3 799.6 794.1 788.5 785.8 786.5 787.1 787.8 792.1 796.5 800.8 801.9 800.3 798.7 795.7 780.5 765.2 750.0 736.1 722.9 709.7 699.5 701.1 702.6 704.2 712.9 724.0 735.1 744.0 747.8 751.5 755.2 755.4 754.9 754.4 751.6 745.4 739.2 733.0 727.9 722.8 717.7 713.0 708.8 704.5 700.0 692.1 684.2 676.3 669.3 663.0 656.6 650.7 646.7 642.8 638.8 635.8 633.2 630.7 628.7 628.4 628.2 628.0 626.4 624.5 622.5 621.3 621.4 621.5 621.6 631.3 642.1 652.9 664.0
811.6 815.6 821.2 819.4 814.0 808.2 802.4 798.7 797.5 796.3 795.1 796.6 798.1 799.6 798.8 796.0 793.3 789.4 775.0 760.7 746.4 733.7 722.0 710.2 701.7 706.2 710.6 715.1 725.1 736.9 748.7 757.2 758.1 759.1 760.0 761.0 762.1 763.1 761.6 756.2 750.8 745.4 741.4 737.5 733.6 729.4 725.0 720.6 716.0 708.0 699.9 691.9 684.7 678.0 671.3 664.9 660.1 655.4 650.7 645.8 640.9 635.9 631.9 630.4 628.9 627.4 625.6 623.8 621.9 620.8 621.0 621.2 621.3 630.9 641.5 652.2 662.7
808.7 814.2 829.8 833.4 828.3 822.3 816.3 811.6 808.6 805.5 802.4 801.1 799.8 798.5 795.7 791.8 787.9 783.0 769.6 756.2 742.8 731.4 721.1 710.7 703.9 711.3 718.6 726.0 737.2 749.7 762.2 770.4 768.5 766.6 764.7 766.7 769.3 771.9 771.7 767.0 762.4 757.8 754.9 752.2 749.4 745.8 741.2 736.6 731.9 723.8 715.7 707.6 700.1 693.0 685.9 679.0 673.5 668.0 662.5 655.8 648.5 641.2 635.1 632.3 629.6 626.9 624.9 623.1 621.4 620.3 620.5 620.8 621.1 630.5 641.0 651.5 661.4
805.8 812.8 827.7 835.2 831.4 826.4 821.4 816.1 810.4 804.7 799.0 796.0 793.1 790.2 787.5 784.9 782.4 779.0 767.6 756.3 744.9 734.5 724.6 714.7 708.5 716.9 725.4 733.9 744.7 756.3 767.9 774.8 770.8 766.8 762.8 764.7 767.7 770.7 770.6 765.9 761.2 756.5 754.2 752.0 749.8 746.9 743.4 739.8 736.1 728.7 721.3 713.9 707.4 701.5 695.7 690.0 685.0 680.0 675.0 667.6 659.2 650.8 643.5 639.6 635.7 631.8 628.9 626.4 623.8 622.3 623.0 623.7 624.4 633.5 643.6 653.8 662.3
798.3 805.8 819.4 830.0 828.1 824.8 821.6 815.8 807.0 798.3 789.5 785.6 781.8 777.9 776.4 776.6 776.9 776.3 767.6 758.9 750.2 740.7 730.7 720.7 714.4 723.0 731.5 740.0 749.5 759.3 769.1 774.3 768.6 762.8 757.1 758.5 761.2 763.9 763.4 758.2 752.9 747.7 745.4 743.4 741.3 739.4 737.6 735.7 733.7 727.4 721.1 714.8 710.0 706.4 702.7 699.1 695.3 691.6 687.8 680.5 671.6 662.7 654.8 649.8 644.8 639.9 635.7 631.8 627.9 625.8 627.1 628.4 629.7 638.5 648.2 657.8 664.5
788.3 795.7 811.1 824.8 824.8 823.2 821.7 815.5 803.7 791.9 780.1 775.3 770.5 765.7 765.2 768.3 771.4 773.6 767.5 761.5 755.5 746.8 736.8 726.7 720.4 729.0 737.6 746.2 754.4 762.4 770.4 773.8 766.3 758.9 751.5 752.3 754.7 757.1 756.2 750.4 744.6 738.8 736.7 734.8 732.9 731.9 731.8 731.7 731.3 726.1 720.9 715.7 712.7 711.2 709.8 708.1 705.6 703.2 700.7 693.4 684.0 674.7 666.1 660.1 654.0 647.9 642.5 637.2 632.0 629.2 631.2 633.1 635.0 643.5 652.7 661.9 666.6
778.3 785.6 802.8 819.7 821.5 821.7 821.8 815.2 800.3 785.5 770.6 764.9 759.1 753.4 754.1 760.0 765.9 770.9 767.5 764.1 760.8 753.0 742.9 732.7 726.3 735.0 743.7 752.4 759.2 765.4 771.7 773.3 764.1 754.9 745.8 746.1 748.2 750.2 748.9 742.6 736.3 729.9 727.9 726.2 724.4 724.4 726.0 727.6 729.0 724.8 720.7 716.6 715.3 716.1 716.8 717.2 716.0 714.7 713.5 706.3 696.5 686.6 677.5 670.3 663.1 656.0 649.3 642.7 636.1 632.7 635.2 637.8 640.4 648.4 657.2 665.9 668.7
768.3 775.6 798.8 817.0 819.6 820.5 821.5 815.2 800.1 785.0 770.0 763.6 757.2 750.8 750.5 755.0 759.6 763.5 761.3 759.1 757.0 752.0 745.5 739.0 735.8 745.7 755.5 765.4 768.9 770.2 771.5 769.0 757.2 745.4 733.7 733.6 735.7 737.7 736.5 730.4 724.3 718.2 716.1 714.1 712.1 712.7 715.7 718.8 721.6 718.9 716.2 713.6 713.4 714.9 716.4 718.0 719.8 721.5 723.3 718.5 711.0 703.4 695.7 687.6 679.6 671.5 664.5 657.6 650.8 646.8 648.1 649.4 650.7 655.7 661.1 666.5 666.2
763.5 768.2 795.2 814.4 817.8 819.4 821.1 815.2 800.1 785.0 770.0 763.0 756.0 749.0 747.4 750.3 753.3 755.8 754.7 753.6 752.5 750.5 747.9 745.3 745.5 756.6 767.7 778.8 778.8 775.1 771.3 764.4 750.0 735.5 721.1 720.7 722.7 724.7 723.7 717.9 712.1 706.3 704.0 701.8 699.6 700.7 705.2 709.6 713.8 712.6 711.4 710.3 711.1 713.3 715.6 718.2 723.1 728.0 732.9 730.8 725.6 720.4 714.3 705.4 696.5 687.6 680.3 673.3 666.3 661.7 661.6 661.5 661.4 663.0 664.9 666.8 663.5
759.1 761.1 791.6 811.9 816.0 818.4 820.7 815.2 800.1 785.0 770.0 762.4 754.7 747.1 744.4 745.6 746.9 748.0 748.1 748.1 748.1 749.0 750.3 751.6 755.2 767.5 779.9 792.3 788.8 779.9 771.1 759.8 742.7 725.7 708.6 707.7 709.8 711.8 710.8 705.4 699.9 694.5 691.9 689.4 687.0 688.7 694.6 700.4 706.1 706.4 706.7 707.0 708.8 711.8 714.7 718.4 726.4 734.4 742.4 743.0 740.2 737.5 733.0 723.3 713.5 703.7 696.0 688.9 681.8 676.6 675.1 673.6 672.0 670.4 668.8 667.2 660.7
754.7 754.0 789.1 810.2 815.2 818.6 821.9 817.1 802.5 787.9 773.4 765.1 756.9 748.6 744.5 743.7 743.0 742.4 743.0 743.5 744.1 747.3 751.8 756.3 762.5 775.4 788.3 801.2 794.7 781.7 768.7 754.0 735.2 716.4 697.6 696.3 698.3 700.2 699.3 694.2 689.1 684.0 681.3 678.8 676.2 678.3 685.0 691.7 698.2 699.9 701.5 703.2 706.1 709.9 713.7 718.5 729.2 739.8 750.4 753.3 752.7 752.2 749.4 739.6 729.8 720.0 712.0 704.6 697.1 691.1 687.9 684.7 681.5 676.9 672.2 667.5 658.7
749.5 746.7 790.4 811.3 818.0 823.2 828.4 825.6 813.2 800.7 788.2 779.3 770.4 761.6 755.3 751.3 747.3 743.6 742.9 742.3 741.6 744.8 750.1 755.4 761.9 772.8 783.7 794.6 786.9 772.9 758.9 743.9 726.5 709.1 691.7 690.3 691.7 693.2 692.2 687.6 682.9 678.3 675.9 673.7 671.5 673.2 678.9 684.6 690.2 692.7 695.2 697.7 701.9 707.2 712.5 718.7 730.2 741.7 753.1 757.2 758.1 759.0 757.9 750.8 743.7 736.7 728.6 720.3 712.0 704.5 698.5 692.6 686.6 680.4 674.1 667.8 659.2
741.2 739.1 791.8 812.4 820.8 827.9 835.0 834.1 823.8 813.4 803.0 793.5 784.0 774.5 766.2 758.9 751.6 744.8 742.9 741.0 739.1 742.3 748.4 754.5 761.2 770.2 779.1 788.1 779.1 764.1 749.1 733.8 717.8 701.8 685.8 684.2 685.2 686.2 685.1 680.9 676.8 672.6 670.6 668.7 666.7 668.1 672.8 677.5 682.1 685.5 688.9 692.2 697.6 704.4 711.2 718.8 731.1 743.5 755.8 761.2 763.5 765.7 766.4 762.0 757.7 753.4 745.2 736.0 726.9 717.9 709.2 700.5 691.8 683.8 676.0 668.2 659.6
733.0 731.5 793.1 813.5 823.6 832.5 841.5 842.7 834.4 826.1 817.9 807.8 797.6 787.5 777.1 766.5 755.9 746.0 742.9 739.7 736.5 739.9 746.8 753.6 760.5 767.6 774.6 781.6 771.3 755.3 739.3 723.7 709.1 694.5 679.9 678.1 678.7 679.2 678.0 674.3 670.6 666.9 665.2 663.6 662.0 663.0 666.7 670.4 674.1 678.3 682.5 686.7 693.4 701.7 709.9 718.9 732.1 745.3 758.6 765.1 768.8 772.5 774.9 773.3 771.7 770.1 761.8 751.8 741.7 731.2 719.8 708.3 696.9 687.3 677.9 668.5 660.1
724.8 723.9 792.2 811.8 822.4 832.0 841.5 844.2 838.6 833.0 827.4 816.8 806.3 795.7 784.0 771.5 758.9 747.1 742.2 737.4 732.6 734.9 741.2 747.4 753.5 758.9 764.4 769.9 759.7 744.4 729.0 714.5 701.9 689.4 676.9 675.2 675.4 675.6 674.4 671.0 667.7 664.3 663.0 661.8 660.6 661.3 664.0 666.6 669.3 673.4 677.4 681.4 688.1 696.7 705.2 714.3 726.7 739.1 751.5 758.2 762.5 766.8 770.3 771.4 772.5 773.7 767.4 759.3 751.2 741.7 729.7 717.7 705.8 695.7 685.8 676.0 668.0
723.3 723.6 789.3 807.6 817.6 826.6 835.6 839.4 836.9 834.5 832.0 821.2 810.4 799.6 787.4 774.0 760.7 748.0 741.1 734.2 727.4 727.7 732.0 736.3 740.6 744.9 749.2 753.5 744.7 731.5 718.3 706.1 696.2 686.4 676.5 675.0 675.1 675.1 673.9 670.8 667.7 664.6 663.7 663.0 662.2 662.7 664.3 666.0 667.7 670.5 673.4 676.2 681.9 689.6 697.3 705.3 715.4 725.4 735.5 741.4 745.5 749.6 753.7 757.5 761.4 765.3 763.1 759.3 755.6 749.5 739.0 728.5 718.0 708.6 699.3 690.0 682.7
728.0 729.9 786.3 803.4 812.8 821.2 829.7 834.6 835.3 835.9 836.5 825.5 814.5 803.5 790.7 776.6 762.4 748.8 739.9 731.0 722.1 720.5 722.8 725.2 727.6 730.8 733.9 737.0 729.6 718.6 707.6 697.7 690.5 683.3 676.1 674.9 674.8 674.7 673.5 670.6 667.7 664.8 664.4 664.2 663.9 664.1 664.7 665.3 666.0 667.7 669.4 671.0 675.8 682.6 689.4 696.3 704.0 711.8 719.5 724.6 728.5 732.5 737.1 743.7 750.3 756.9 758.8 759.4 760.0 757.3 748.3 739.3 730.3 721.5 712.7 704.0 697.4
732.7 736.3 783.4 799.2 807.9 815.9 823.8 829.8 833.6 837.4 841.1 829.9 818.6 807.4 794.1 779.2 764.2 749.7 738.8 727.8 716.9 713.3 713.7 714.0 714.7 716.7 718.6 720.6 714.5 705.7 696.9 689.3 684.8 680.2 675.7 674.8 674.5 674.3 673.0 670.4 667.7 665.1 665.1 665.3 665.5 665.5 665.1 664.7 664.3 664.8 665.3 665.8 669.6 675.5 681.5 687.4 692.7 698.1 703.4 707.7 711.5 715.3 720.5 729.8 739.2 748.5 754.4 759.4 764.4 765.1 757.6 750.0 742.5 734.4 726.2 718.0 712.1
737.4 742.6 783.0 797.3 804.0 809.9 815.8 820.3 822.9 825.5 828.1 817.6 807.0 796.5 784.0 769.9 755.8 742.0 731.3 720.7 710.0 706.1 705.7 705.4 705.6 707.7 709.8 712.0 708.3 702.6 696.9 692.3 690.3 688.2 686.1 684.7 683.5 682.2 680.1 676.5 672.9 669.4 670.8 672.6 674.4 675.2 675.1 675.1 675.0 675.1 675.2 675.3 677.0 679.7 682.4 685.1 687.3 689.5 691.6 694.6 697.9 701.3 705.9 714.6 723.3 732.0 739.0 745.6 752.1 754.8 750.0 745.2 740.3 732.8 724.9 717.1 711.5
731.1 737.0 783.3 795.8 800.3 803.8 807.4 809.6 810.1 810.6 811.1 801.5 791.9 782.3 770.9 757.9 745.0 732.4 722.5 712.6 702.7 698.8 698.1 697.4 697.3 699.9 702.5 705.1 704.0 701.7 699.4 697.9 698.3 698.6 699.0 697.0 694.5 692.1 688.8 684.0 679.3 674.6 677.7 681.2 684.8 686.9 687.4 688.0 688.5 688.4 688.2 688.1 687.4 686.4 685.4 684.3 683.2 682.0 680.8 682.4 685.1 687.9 691.8 699.1 706.4 713.7 721.1 728.6 736.1 740.4 738.6 736.7 734.9 728.0 720.4 712.9 707.5
722.3 728.8 783.6 794.4 796.5 797.8 799.0 798.9 797.3 795.7 794.1 785.5 776.8 768.1 757.8 746.0 734.2 722.7 713.6 704.5 695.4 691.5 690.4 689.3 689.1 692.1 695.2 698.2 699.8 700.9 701.9 703.5 706.3 709.0 711.8 709.2 705.6 702.0 697.5 691.6 685.7 679.8 684.5 689.9 695.2 698.5 699.7 700.9 702.0 701.6 701.2 700.9 697.9 693.1 688.3 683.6 679.0 674.5 670.0 670.1 672.3 674.6 677.7 683.6 689.5 695.4 703.3 711.7 720.1 726.1 727.2 728.3 729.4 723.1 715.9 708.6 703.4
713.5 720.5 784.6 793.8 793.6 792.4 791.2 788.9 785.1 781.4 777.6 769.8 761.9 754.1 744.7 734.2 723.7 713.4 705.2 697.0 688.8 685.0 683.6 682.2 681.8 685.5 689.1 692.7 696.8 701.1 705.3 709.7 714.6 719.4 724.2 720.7 715.7 710.8 705.0 698.0 691.1 684.1 690.4 697.5 704.5 709.1 711.1 713.1 715.0 714.4 713.8 713.2 708.0 699.7 691.3 683.1 675.4 667.7 660.0 658.7 660.4 662.0 664.3 668.9 673.5 678.0 686.2 695.3 704.3 711.6 715.4 719.1 722.9 717.2 710.4 703.6 698.6
704.7 712.1 791.3 799.8 796.9 792.8 788.7 783.7 777.5 771.4 765.2 757.1 749.0 741.0 732.5 723.7 714.8 706.3 700.1 693.8 687.6 684.8 683.9 682.9 683.2 688.0 692.9 697.8 703.6 709.7 715.9 721.3 725.2 729.1 733.0 726.7 718.6 710.5 702.8 695.8 688.7 681.7 688.9 696.9 704.9 711.1 715.5 720.0 724.2 723.5 722.8 722.2 715.7 705.3 695.0 684.8 675.5 666.2 656.9 654.5 655.1 655.8 657.2 661.1 665.1 669.0 675.6 682.9 690.1 696.2 700.0 703.8 707.5 702.9 697.2 691.6 687.3
